run            realtic    avg M    max M spikes   regen   evict  upload  free?
lot_d4_0          1081    8.671    11.06      1      97    1244    1323
lot_d4_16         1084    8.691    10.84      2      85    1166    1260
lot_d4_32         1084    8.682    10.89      1     117    1274    1321
lot_d4_64         1082    8.684    11.01      1      90    1176    1265
lot_d4_128        1083    8.677    11.01      1     121    1265    1319
lot_d4_256        1092    8.760    11.59      1      87    1161    1225
lot_d4_512        1089    8.731    11.25      1     119    1130    1212
lot_d4_1024       1079    8.615    10.90      1     111    1182    1261
lot_d2_0           874    7.030    10.10      2      81    1339    1310
lot_d2_16          870    6.998    10.06      2      76    1283    1266
lot_d2_32          877    7.058    10.19      2      82    1319    1292
lot_d2_64          876    7.050    10.51      2      87    1313    1283
lot_d2_128         872    7.012    10.19      2      82    1338    1311
lot_d2_256         876    7.046    10.12      2      93    1308    1292
lot_d2_512         879    7.078    10.13      2      85    1315    1293
lot_d2_1024       1074    8.783    15.92      1      93    1333    1299
lot_d3_0          1196    9.625    13.76      1      24     127     314
lot_d3_16         1188    9.569    13.70      2      24     129     315
lot_d3_32         1343   10.943    16.15      1      24     129     315
lot_d3_64         1188    9.570    13.78      2      24     129     315
lot_d3_128        1187    9.564    13.74      2      24     127     314
lot_d3_256        1198    9.640    13.74      2      24     129     315
lot_d3_512        1327   10.802    15.48      1      26     123     309
lot_d3_1024       1232    9.954    14.89      2      24     129     315
pad_d4_0          1092    8.764    10.95      1      95    1232    1329
pad_d4_16         1087    8.700    10.97      1     115    1166    1260
pad_d4_48         1089    8.725    11.29      1      87    1172    1237
pad_d4_80         1089    8.732    11.08      1     117    1408    1484
pad_d4_144        1090    8.730    11.30      1      89    1190    1258
pad_d4_272        1079    8.661    10.91      2      97     926    1031
pad_d4_528        1084    8.691    11.11      1      91    1165    1241
pad_d4_1040       1081    8.666    11.08      2      84     912    1002
pad_d4_2064       1084    8.673    11.04      1     104    1175    1233
pad_d2_0           875    7.040    10.20      2      83    1328    1300
pad_d2_16          870    6.993    10.13      2      91    1296    1280
pad_d2_48          876    7.050    10.23      2      87    1313    1288
pad_d2_80          873    7.017    10.23      2      90    1300    1281
pad_d2_144         875    7.044    10.17      2      85    1308    1281
pad_d2_272         879    7.072    10.20      2      81    1347    1319
pad_d2_528         876    7.050    10.23      2      88    1354    1326
pad_d2_1040        878    7.062    10.21      2      82    1340    1312
pad_d2_2064        876    7.044    10.23      2      82    1319    1292
pad_d3_0          1195    9.619    13.77      1      24     127     314
pad_d3_16         1195    9.616    13.72      1      24     127     314
pad_d3_48         1195    9.623    13.71      1      24     127     314
pad_d3_80         1195    9.622    13.76      1      24     127     314
pad_d3_144        1195    9.618    13.72      1      24     127     314
pad_d3_272        1195    9.616    13.74      1      24     127     314
pad_d3_528        1195    9.622    13.73      1      24     127     314
pad_d3_1040       1195    9.616    13.74      1      24     127     314
pad_d3_2064       1195    9.616    13.69      1      24     127     314
